-01 -01 -01 -01 -01 -01 -01 -01 -01 -01 -01 -01 -01 -01 -01
-01 001 002 107 003 004 -01 005 006 007 008 009 010 110 -01
-01 012 -01 -01 -01 -01 -01 -01 013 -01 -01 -01 -01 014 -01
-01 015 -01 016 017 018 019 020 021 -01 022 023 -01 024 -01
-01 025 -01 026 -01 -01 -01 -01 -01 -01 -01 027 -01 -01 -01
-01 028 -01 029 030 031 032 033 034 035 -01 036 037 038 -01
-01 039 040 041 042 043 -01 044 -01 045 046 047 048 049 -01
-01 050 051 052 -01 053 054 055 056 057 058 059 -01 060 -01
-01 061 -01 062 -01 063 -01 064 -01 065 -01 066 -01 067 -01
-01 068 -01 069 -01 070 071 072 073 074 -01 075 -01 076 -01
-01 -01 -01 077 -01 -01 -01 -01 -01 -01 -01 078 -01 079 -01
-01 080 -01 081 082 083 084 085 086 087 088 089 -01 090 -01
-01 091 -01 -01 -01 -01 -01 -01 -01 -01 092 -01 -01 093 -01
-01 110 095 096 097 098 099 100 101 102 103 104 105 108 -01
-01 -01 -01 -01 -01 -01 -01 -01 -01 -01 -01 -01 -01 -01 -01
