-1 -1 -1 -1 -1 -1 -1 -1 -1 -1 -1 -1 -1 -1 -1
-1 107 1 2 3 4 -1 5 6 7 8 9 10 11 -1
-1 12 -1 -1 -1 -1 -1 -1 13 -1 -1 -1 -1 14 -1
-1 15 -1 16 17 18 19 20 21 -1 22 23 -1 24 -1
-1 25 -1 26 -1 -1 -1 -1 -1 -1 -1 27 -1 -1 -1
-1 28 -1 29 30 31 32 33 34 35 -1 36 37 38 -1
-1 39 40 41 42 43 -1 44 -1 45 46 47 48 49 -1
-1 50 51 52 -1 53 54 55 56 57 58 59 -1 60 -1
-1 61 -1 62 -1 63 -1 64 -1 65 -1 66 -1 67 -1
-1 68 -1 69 -1 70 71 72 73 74 -1 75 -1 76 -1
-1 -1 -1 77 -1 -1 -1 -1 -1 -1 -1 78 -1 79 -1
-1 80 -1 81 82 83 84 85 86 87 88 89 -1 90 -1
-1 91 -1 -1 -1 -1 -1 -1 -1 -1 92 -1 -1 93 -1
-1 94 95 96 97 98 99 100 101 102 103 104 105 106 -1
-1 -1 -1 -1 -1 -1 -1 -1 -1 -1 -1 -1 -1 -1 -1
